808980808780808880
808080808080808080
838081888086828085
808388818087868280
828080808080808081
808586828088898380
868084898082858083
808080808080808080
808180808880808980
828080808084838780
808683808080808280
808080808082818084
808085818087808080
888780808080808481
808080858086878080
838082848080808080
808880808080848680
808489888080808083
808080818080898085
808080808580828380
808080808080808487
808487898085818080
808280808080808580
808085848087888980
898180808080808080
808882808480808080
878086808089808080
808084808080828080
838086878084858088
808880808080808180
808080858681808080
858180808080808286
808080828389808080
808580808080808680
848081888083898082
808082808080888080
808780808481838080
828089808086808087
808080898080828586
888080808280878680
818080848083808085
808382808880808081
878188808082808080
848080888080868089
808085878380808880
818580808084808080
808280858080868080
808480808082808080
898080808087808080
828180808080808387
808080888080808081
808080818080808980
808087808089808480
808080828080808586
808680898080888080
848080808081828083
838080808080808084
808080808682858080
888080808080808089
808081848880808080
828080808080808087
858089878080808081
808084808083808580
848089888080808786
888080848080828080
808280808381808089
808083808780808982
808087818086888080
868880808480858080
898080828180808680
808086808084808081
828180808089878088
808080898080808084
808583808780898080
808080888080818780
898180808080808480
808280808080808380
808380808080808987
808481808082808080
808086808980858280
828080808085808080
808980808082868085
808083858080808480
818080808480808280
898780808380818080
808080808080808080
808085808280808786
808180808680808088
808680808087838080
838087898080808680
808084808085808080
808082838681808080
808880808080808081
818488808980808082
828080808080808089
858080808280838788
848080808080808280
808080898186848080
808080858080898080
808185808480808080
868087808080838085
828080808085808689
838080808088808480
848080898083808088
808580848080808083
878680888080808082
858084808080898086
808080808680818780
838082808187808080
808080828680808080
808580808084808080
808085808083888080
808080808081898680
808984808080808785
808080878086818084
808080808580808883
808080808880808087
868080808080808089
838080808080808884
808085808380808087
808586808480808381
808087828080808080
808084808180878080
808080808083808980
808080808284808088
808880808085848280
808080808280808088
808080838080848080
808880818080898080
808080808085808080
828387848080808080
808580868081808084
808086898082878080
848080878080838180
808082808083808080
838084808082878080
868880808085848280
818080888089808085
808980808680808084
828680808080808187
858080808380808880
898080848088808083
808185878080808682
808087818080858089
808687808581898080
858080878080808688
808082808483808080
888085808080808081
808184828088878980
878080808080868083
808080838980828080
828980808087808084
808086818880858380
808080808084898880
888080868080808480
808080808788818280
808080848080808381
808087808180828080
858380808087808080
808488898580808080
808580808082808088
808789838080808080
808081898088838080
808080808780808080
838086808080888085
858080828487808081
808480858086808280
828080818883808084
898083808080818088
808080808380808080
808085888081848080
808080828081808080
808085898084828080
808981808080868580
808889848085878180
808080808080808080
808587818088898380
808184808080858680
808082868089888080
808080858083808080
808089808680888080
828080808080808083
808080848783808080
808982888081868380
838080808080808082
808788868082858980
808080858289808080
898080808080808085
808085808880878080
808080888080898082
808780808080808380
858080848080878080
808085818880808480
808080858089808080
808980808382868080
808081808088808086
808280808080808180
868087808085808080
808080868188808080
848080808080808083
808189808380858280
808980808080808480
808480858082808380
808380808080808680
808683808580828780
858080808080808084
808080828687808080
808083848286808980
808089808080818080
848080808980808080
808087808882808080
808380808080808480
808080898180888080
808080808380808088
808088808080858080
808280818788838080
838080888486808089
868080808080808087
808080838087808080
808380808680808480
828680808080808183
808180808380808880
808080868081808080
888080808080808081
898080828788808084
858086808287808080
808084808080808086
808980808880808380
848080808085808080
808082808080898080
808080818080808083
808880808580808680
868080808080888080
808080888180848082
808480808080808280
808081808080838080
878080808880808086
828080858081808083
858083808680878081
868080888087808082
848080808280808087
808086808080898080
808580808080808480
808088808480878080
808780808580808180
808980878083808680
808080838785808080
808580808080808380
808080868882808080
808180888087808480
808880808980808280
808087808680858080
808080878089808080
838080808280808087
808987808080848280
808085818084828080
808080808980808080
808089858082878080
808582808080818880
888080808380808089
808080888081808080
828080808080838089
808580808080818080
808080808089808586
818080808880848080
878080848085808083
808086808180808087
868180878080808080
808087808080808680
838089808080808082
808880838080808080
808084878080818588
808080848085808080
808780808080808880
808082808380868080
808180808080808280
808080898083808080
888483808082858080
808080808081808680
808089858088808384
808086808089808088
808080808080898080
808280888080808080
808188808080878580
808080808086808480
808081808080808080
888080818080858080
858980868087828080
868080858088808084
808580808480808180
888082808080858089
808680808380808780
878080898085808086
808880808280808480
858083808080828087
808780808580808980
828080868083808081
808180828089808380
858080808480808082
808780888081808480
808089808080848080
818080838788808086
808085808080818080
808680858084808780
848080808280808081
808280818086808980
808081808080858080
858080898088808086
838980808080808781
808780808980808680
808580888083808480
808380808780808180
878480808080808289
898080818087808084
808082808080838080
808080868081808080
808480808080808780
868980808780808583
808084838088878080
888780818082808489
808085878086828080
838280808880808186
808580808080808980
808080848089808080
808783808080848680
808082868087858080
858080808880808083
808280818088808580
888080808080808081
808480858083808880
878080808580808086
808088848081898080
808584808080818780
808180888586808080
808287808080898080
808880808080808381
898088848080808680
808080838087808080
808680808089848087
888480808080808280
808086808080818880
808080878988808480
808280808080808480
808789808280818680
808085898086878080
808080888489808080
888080808080808089
808080868385808080
808088848081868080
808581808680828380
808480808080808880
808480808080808980
808088838081828080
808085888089868080
868080828084808088
808581808080848280
828080868087808089
808086878083858080
808082818085838080
808180808080808780
808080898080808084
808583808780898080
808080888080818780
898180808080808480
808280808080808380
808380808080808987
808481808082808080
808086808980858280
828080808085808080
838080808880808480
888080868080808980
808089808080818580
808480808380808080
808082898084878080
808080808280808680
808783808080858080
808880808087808089
808580808980808082
808080808080808080
808083828084858080
808280878086808480
818080808080808083
858680838088808782
888080808080808085
808880858087808180
808084818089888080
808080808080808080
808980858086808080
818080808080848080
808082808880808083
858080808080818780
808080838088808080
808188808080808084
828080808580878080
808083808080808085
808080878084808680
808084808080898080
888080808780808086
808080858088808080
808480898685808780
808680808080808880
808980848882808180
808080868081808080
848080808380808081
808087808080858080
898080808080808083
808180808284808080
848080808080818080
828087888980868080
808080808080808080
808086808482878085
808085808080808087
808080898680808380
878080808080808082
808080808080808880
808084828180808680
808680848080808082
878080808080888080
808080878386808080
808082808080808086
888080808082808580
808380808889878080
808180808080808080
808580808080808180
808983808580888082
818080808084808080
808080808081808087
808880808680808280
878080858080808080
808080888080808084
898088808280838780
808180808080808980
808080818080808583
808186808080808084
808580808980808080
808080808085808682
808080808080808080
838980878080808080
808080808280808380
818080808080828480
878880808084808080
838087808980808080
808080878081808080
808086808080898080
828180808088808780
808083808280848080
808780898080808288
808085808080838080
808080888085808080
808080808480818086
3,6
