483921657 967345821 251876493 548132976 729564138 136798245 372689514 814253769 695417382
523816749 784593126 691472835 239145687 457268913 168937254 342789561 915624378 876351492
487156932 362498751 915372864 846519273 593724186 271863549 124685397 738941625 659237418
962341758 148975623 573268149 321694875 487512936 695837412 834726591 216459387 759183264
361725948 587964213 492831657 638259471 174683592 259147836 746392185 923518764 815476329
359867124 648312597 712549836 876924351 524731968 193685472 931476285 465298713 287153649
743512986 589346217 126987345 934251768 671498532 852763491 398675124 417829653 265134879
782614359 439825176 651937428 293471865 568392714 147568293 326749581 975183642 814256937
852716943 197843652 463925187 278634591 645179328 931582476 786491235 314258769 529367814
516289347 849173256 732465918 698317524 327954861 154826739 961732485 275648193 483591672
365942871 128756493 974813562 819435627 537268149 642179358 296384715 753691284 481527936
193672485 462358971 785914623 538296714 674135298 219487356 826741539 941523867 357869142
