543921687 967345821 391856472 658172943 729534168 196748235 372689514 814263759 245917386 
216489357 965372184 138564279 679135428 849623517 482756931 351897642 723941865 674218593 
245813967 379426185 491735826 163984752 752691348 248517369 926178534 834259671 517362498 
136857249 328914567 465798312 673542981 129683754 542179836 257436198 891324657 384961725 
523816749 784923156 693472815 219346587 417298653 168539274 352784961 215697438 876451392 
136927854 524619387 695384271 357498162 978165423 412753698 863542719 781236945 249871536 
743986251 675412938 562371894 986154372 357648129 419267583 821539467 198723645 234895716 
485136972 562498731 914372865 847619253 253794186 271863549 126485397 738951624 679243518 
346915782 659123478 735298164 928761543 174852693 783694215 291348657 517439826 465287931 
871964253 923748165 136895427 156483729 794312658 268591374 685179432 342817596 597236841 
679125483 958416732 427836951 732614895 864952317 513784962 286573149 195647238 341298576 
862341759 183925674 578269143 317694825 423158976 215836974 638752491 296418537 759183264 
318476295 485739216 219574863 428651793 167942358 754318629 576893142 943267581 692185437 
639285471 476513298 325674819 514829763 853491627 192768345 268957134 781346952 947132586 
713628549 918235467 514873692 531246978 295713486 476581293 649152738 624397815 857964321 
361725984 584967213 432896157 598236471 172693584 259147836 742381695 927318564 815476329 
351867429 625318794 792541836 476925381 514732968 143689572 938476215 867294153 289153647 
789645312 216893457 524671839 165482973 327614598 498537126 951726348 842359761 739164285 
463582917 791346582 146897325 934251678 579418236 859763421 328679154 781926543 765194823 
814632957 469835172 651937428 297431865 518396247 142568793 326749581 485193672 487652319 
428531796 285917643 971268345 314896572 697453218 573182964 849615327 752369481 136724859 
145928736 478619523 692534187 824157369 561843972 316792845 987326451 739465218 283971654 
347862951 251943678 729518364 678159432 193784526 864325197 485697213 512436789 936271845 
534687219 861435792 395712684 486379521 249851367 657293148 712968453 928145736 173426895 
361524789 789361425 536297841 853149672 415683297 647952138 536297841 726418935 972836514 
592478163 359162847 647829315 324761958 238647591 721584936 175396284 983215647 864913752 
897256413 423891675 715934862 164528937 958763241 389147526 632475198 271689354 546312789 
384275961 279654183 865149237 127396854 451728396 643582719 792813645 516937428 938461572 
236971485 319648527 467589213 743125968 125896734 958462371 684237159 592713846 871354692 
294178653 857692134 531286479 162943785 427891536 789652341 318465927 875319264 946537812 
937214685 862791543 741526839 374158962 628935174 495687321 219463758 153872496 586349217 
714632985 675213849 963785124 542897316 258961473 891546237 139478652 326154798 487329561 
698173542 354628179 762549318 527891436 946312857 871456923 185937264 213784695 439265781 
752618943 137549682 716925834 268734591 549678123 971283456 796421835 384152769 425367918 
653824791 219753486 174895362 792386514 428917365 486239175 572419863 837641259 361572948 
596284317 849173256 892435716 658317924 467539812 134826579 891732465 275648193 713294685 
945681723 719234865 321756984 869175342 198432576 574863219 456327891 612598437 543912678 
342915876 128756493 479823165 856432197 536148729 614279358 296584713 753691284 981267543 
543187296 271638954 395764812 539826471 928473561 836925147 817549623 462519738 684291375 
346915782 659123478 735298164 928761543 174852693 783694215 291348657 517439826 465287931 
384657921 123469785 519728346 762594831 876312459 958241673 241973568 495836217 637584192 
763158924 592764831 935812647 427936518 875491362 146283795 251497386 384679152 618325479 
416597283 967841325 152478639 581632497 798316542 625983174 349125768 234759816 873264951 
589217346 123469758 439156827 715934682 271698534 348572169 937146825 654781293 564827913 
934218657 819563274 493726581 652871493 127934865 746352918 581647329 275489136 368195742 
635719824 256487931 948652713 124578369 719235486 387164295 593841672 861923547 472396158 
361457298 592384761 637512984 216975843 459863127 874196352 987512634 143628579 628739415 
426983517 215349678 963472851 152837496 839714265 781526934 694158723 578691342 347265189 
341295867 835167429 726934518 572419683 958621734 614873952 289546371 463782195 197358246 
